EPTI实例中工序数据
以EPTI1为例说明数据信息：每个大括号内包含一个算例的所有信息，每个方括号内包含一个工件的所有信息，EPTI1中包含8个方括号，表示该算例共有8个工件。以第四个方括号中[2 1 1 7 3 1 7 3 20 2 14]为例，其中第一个数字2表示该工件共有2道工序，第二个数字1表示该工件的第一道工序有一个可选机器，第三个数字1表示可选机器为机器1，第四个数字表示可选机器1对应的检测时间。以此类推，第五个数字3表示下一道工序共有三个可选机器，分别是机器1对应检测时间7，机器3对应检测时间20，机器2对应检测时间14。


EPTI1
{[8 1 9 13 1 4 12 1 6 13 3 8 18 6 18 7 11 1 3 44 1 3 47 3 2 47 3 41 1 31 3 2 31 1 48 3 42] 
[12 1 9 13 1 9 15 2 7 11 8 18 2 1 6 3 20 3 7 11 8 18 6 6 2 6 6 8 18 2 8 18 7 11 1 6 17 2 6 17 7 12 1 3 17 1 8 12 1 8 19] 
[2 1 1 7 3 1 7 3 20 2 14] 
[4 2 5 20 4 28 2 1 18 2 23 1 1 12 1 1 15] 
[4 1 7 22 3 7 21 6 14 8 28 2 6 8 7 15 3 6 22 7 15 8 22] 
[14 1 9 16 1 9 30 1 9 17 2 2 25 1 19 1 3 25 3 2 28 3 35 1 35 1 10 12 1 10 12 1 5 20 3 2 19 1 12 3 25 3 1 30 3 37 2 25 1 10 47 1 10 47 1 10 47] 
[15 3 2 12 1 12 3 18 1 1 12 3 3 7 2 13 1 21 1 3 7 3 7 21 8 14 6 8 1 2 18 1 8 16 3 8 12 7 19 6 6 2 7 10 6 17 1 7 20 1 3 30 3 1 12 3 18 2 5 1 10 45 2 5 41 4 47 2 5 47 4 41] 
[6 1 6 12 2 8 21 6 21 3 8 15 7 10 6 21 3 8 12 7 18 6 12 1 7 28 3 8 31 6 22 7 38]}

EPTI2
{[4 1 4 28 2 3 25 1 18 1 1 12 3 2 27 1 15 3 35] 
[4 2 8 8 7 22 2 6 14 7 21 3 7 15 6 8 8 22 3 8 22 6 22 7 15] 
[2 1 3 15 2 2 14 3 20] 
[12 1 9 13 1 9 15 1 7 11 1 1 6 3 8 18 6 6 7 11 1 6 6 3 7 11 8 18 6 6 1 7 12 1 6 17 1 2 12 3 6 12 7 17 8 12 2 7 12 8 19] 
[15 3 2 20 3 39 1 31 1 7 25 1 8 22 2 1 21 3 32 1 9 12 3 7 8 8 22 6 13 3 3 23 2 16 1 9 2 2 32 1 21 3 2 49 3 41 1 30 2 6 13 7 19 2 8 8 7 24 1 6 13 3 8 13 7 22 6 13 1 10 21 1 10 21] 
[12 2 3 22 2 14 2 3 23 2 15 3 3 25 2 15 1 8 2 5 7 4 14 1 5 13 1 2 9 1 9 13 1 2 22 2 3 17 1 7 1 9 16 3 2 30 3 41 1 50 1 4 15] 
[19 1 9 12 1 9 12 3 8 17 7 11 6 5 1 7 17 3 7 13 6 19 8 13 3 7 20 8 15 6 10 2 8 18 7 10 1 7 12 3 7 25 8 19 6 19 1 8 15 3 2 20 3 13 1 8 3 6 8 7 18 8 13 2 1 6 3 19 3 8 19 7 14 6 6 2 3 20 2 20 2 3 20 1 14 3 7 15 8 21 6 7 1 8 13 2 6 20 8 13] 
[4 1 1 6 2 2 19 1 7 1 3 19 1 3 21]}

EPTI3
{[15 2 1 12 3 18 2 1 12 2 19 2 1 21 3 7 3 3 7 2 22 1 16 2 7 21 8 14 2 2 18 3 12 2 6 10 7 16 2 6 6 7 19 2 7 10 6 17 3 8 12 6 5 7 20 1 3 30 1 2 5 1 10 45 2 5 41 4 47 1 5 47] 
[6 1 6 12 2 6 21 8 21 3 8 15 7 10 6 21 3 6 12 8 12 7 18 3 7 28 6 20 8 35 1 6 22] 
[45 1 6 17 3 8 18 6 7 7 13 2 2 12 1 6 1 5 14 3 7 8 6 16 8 13 1 7 16 3 3 17 1 22 2 12 2 2 12 3 12 2 7 20 6 8 1 7 12 2 4 13 5 18 2 1 10 3 21 3 8 19 6 13 7 8 1 9 24 1 7 12 2 4 12 5 17 1 9 22 3 2 10 3 22 1 17 1 8 17 1 1 9 1 8 20 3 8 12 6 18 7 12 1 4 16 2 4 12 5 12 1 4 30 2 4 28 5 37 2 5 21 4 16 3 7 29 6 21 8 15 3 2 10 1 26 3 18 2 8 12 7 17 1 6 13 2 5 30 4 39 2 5 19 4 12 2 4 20 5 12 1 4 20 2 2 31 3 41 1 5 18 2 5 7 4 12 1 3 22 3 6 13 8 21 7 21 3 6 22 7 8 8 15 3 6 18 8 22 7 10 1 6 22 1 10 50 1 10 50] 
[4 1 3 14 1 2 19 3 2 12 1 5 3 19 1 1 12] 
[19 3 6 19 7 13 8 13 3 1 15 2 20 3 20 1 2 12 2 7 7 8 19 3 1 30 2 37 3 37 1 8 20 3 7 7 8 20 6 14 1 10 15 1 4 31 2 8 20 7 7 1 1 14 1 5 15 1 3 20 2 4 15 5 21 1 9 15 2 5 16 4 11 2 5 17 4 10 1 5 12 1 10 47] 
[13 3 2 7 1 14 3 20 2 2 6 1 22 2 3 10 2 22 1 2 14 1 1 21 2 5 39 4 31 1 2 21 3 1 7 2 14 3 20 2 3 17 1 11 3 1 16 3 10 2 23 3 3 40 1 35 2 26 1 5 32 1 10 40] 
[12 3 1 8 2 14 3 22 1 1 31 3 3 25 2 15 1 8 2 4 14 5 7 2 5 13 4 8 3 2 9 1 20 3 14 1 9 13 1 1 40 2 3 17 1 7 1 9 16 1 2 30 2 5 20 4 15] 
[14 1 9 16 1 9 30 1 9 17 3 3 25 2 25 1 19 2 1 12 3 25 2 1 35 2 28 1 10 12 1 10 12 2 5 20 4 15 1 3 25 3 2 25 1 30 3 37 1 10 47 1 10 47 1 10 47]}

EPTI4
{[19 2 7 13 6 19 3 3 20 2 20 1 15 3 1 19 2 12 3 26 3 7 7 6 14 8 19 3 1 30 2 37 3 37 2 7 7 8 20 2 6 14 8 20 1 10 15 1 4 31 2 6 14 8 20 1 1 14 2 4 15 5 15 2 1 14 3 20 2 4 15 5 21 1 9 15 1 4 11 2 5 17 4 10 1 5 12 1 10 47] 
[4 1 2 21 3 1 7 3 14 2 19 2 1 5 2 12 2 1 12 2 7] 
[45 3 7 6 6 17 8 12 2 7 13 6 7 3 3 18 2 12 1 6 2 5 14 4 9 3 7 8 8 13 6 16 3 6 11 7 16 8 11 1 2 12 2 2 12 3 12 1 7 20 2 6 18 8 7 2 4 13 5 18 2 3 21 2 16 1 7 8 1 9 24 1 7 12 2 4 12 5 17 1 9 22 1 3 22 2 7 22 6 10 1 1 9 3 7 13 8 20 6 7 3 8 12 7 12 6 18 1 4 16 2 5 12 4 12 2 5 39 4 30 1 5 37 2 4 16 5 21 1 7 29 3 1 26 2 10 3 18 3 6 12 8 12 7 17 1 6 13 1 5 30 2 5 19 4 12 1 5 12 1 5 12 3 2 31 3 41 1 20 1 4 12 1 5 7 2 3 22 1 22 2 7 21 8 21 1 6 22 1 8 22 1 7 13 1 10 50 1 10 50] 
[19 1 9 12 1 9 12 2 6 5 8 17 1 7 17 2 7 13 8 13 1 7 20 1 6 18 2 6 19 7 12 2 6 19 7 25 1 7 20 1 2 20 2 8 13 6 8 3 2 14 1 6 3 19 1 7 14 3 1 14 2 20 3 20 1 2 20 2 8 21 7 15 1 8 13 1 6 20] 
[15 1 2 12 3 2 19 3 12 1 12 1 2 13 2 2 22 3 7 3 8 14 7 21 6 8 1 1 5 3 7 16 6 10 8 16 3 6 6 7 19 8 12 1 7 10 1 7 20 3 1 22 3 30 2 37 1 3 18 1 10 45 1 4 47 2 5 47 4 41] 
[4 2 4 28 5 20 1 1 18 3 2 21 3 27 1 12 2 2 27 3 35] 
[6 2 7 18 8 18 3 8 21 6 21 7 15 3 6 21 7 10 8 15 2 8 12 7 18 1 7 28 3 8 31 6 22 7 38] 
[15 2 2 20 3 39 2 6 14 7 25 3 8 22 7 14 6 14 3 1 21 3 32 2 41 1 9 12 1 6 13 2 3 23 2 16 3 2 32 3 34 1 21 3 2 49 3 41 1 30 3 6 13 7 19 8 13 2 7 24 8 8 2 7 21 6 13 3 8 13 6 13 7 22 1 10 21 1 10 21] 
[12 3 2 14 3 22 1 8 3 1 31 3 23 2 15 3 1 8 3 25 2 15 2 4 14 5 7 1 5 13 2 2 9 3 14 1 9 13 2 1 40 3 35 1 1 7 1 9 16 2 1 50 3 41 2 5 20 4 15]}

EPTI5
{[45 3 7 6 6 17 8 12 2 8 18 6 7 1 2 12 1 5 14 3 6 16 7 8 8 13 1 7 16 2 2 12 1 22 3 3 12 1 17 2 12 2 6 8 8 13 1 7 12 1 5 18 1 3 21 3 8 19 7 8 6 13 1 9 24 2 8 12 7 12 2 5 17 4 12 1 9 22 2 3 22 1 17 3 8 17 7 22 6 10 2 3 20 1 9 2 7 13 8 20 3 8 12 7 12 6 18 2 4 16 5 11 2 5 12 4 12 1 4 30 2 4 28 5 37 2 5 21 4 16 2 7 29 8 15 1 2 10 1 6 12 2 8 19 6 13 2 4 39 5 30 1 4 12 2 5 12 4 20 1 5 12 2 1 20 3 41 1 5 18 2 5 7 4 12 3 2 15 1 22 3 22 1 8 21 2 8 15 6 22 1 8 22 1 7 13 1 10 50 1 10 50] 
[19 3 6 19 8 13 7 13 2 1 15 3 20 2 2 12 1 19 1 7 7 1 2 37 2 8 20 7 7 3 7 7 8 20 6 14 1 10 15 2 5 36 4 31 1 8 20 3 3 20 1 14 2 7 1 5 15 2 1 14 3 20 1 5 21 1 9 15 2 5 16 4 11 2 5 17 4 10 2 5 12 4 17 1 10 47] 
[4 1 8 8 1 6 14 1 8 22 2 6 22 7 15] 
[2 1 2 23 3 1 7 2 14 3 20] 
[12 3 2 14 3 22 1 8 1 2 15 2 1 8 3 25 2 5 7 4 14 2 4 8 5 13 1 2 9 1 9 13 2 2 22 3 35 1 3 17 1 9 16 1 1 50 1 5 20] 
[4 2 4 28 5 20 1 1 18 1 2 21 2 3 35 2 27] 
[15 2 2 12 3 18 3 3 12 2 19 1 12 3 2 13 3 7 1 21 3 1 16 2 22 3 7 2 7 21 8 14 1 1 5 1 6 10 3 8 12 7 19 6 6 3 7 10 6 17 8 17 1 6 5 2 2 37 1 22 2 2 5 1 12 1 10 45 1 5 41 2 4 41 5 47] 
[19 1 9 12 1 9 12 1 8 17 2 6 5 8 12 1 7 13 2 7 20 8 15 2 7 10 6 18 1 7 12 2 6 19 7 25 3 8 15 6 10 7 20 3 3 13 1 8 2 20 2 6 8 8 13 1 1 6 2 7 14 8 19 2 1 14 3 20 1 2 20 2 7 15 6 7 1 7 18 1 8 13] 
[15 1 1 31 2 7 25 6 14 2 8 22 7 14 3 1 21 2 41 3 32 1 9 12 2 6 13 8 22 2 3 23 1 9 2 3 34 1 21 1 2 49 2 7 19 6 13 2 8 8 6 13 3 6 13 8 13 7 21 1 7 22 1 10 21 1 10 21]}

EPTI6
{[4 1 5 20 3 2 23 3 25 1 18 2 1 12 2 21 1 3 35] 
[12 1 3 22 1 1 31 2 1 8 2 15 2 4 14 5 7 2 4 8 5 13 1 1 20 1 9 13 1 3 35 3 1 7 2 13 3 17 1 9 16 1 1 50 2 4 15 5 20] 
[4 2 1 6 2 21 3 2 19 1 7 3 14 3 2 12 3 19 1 5 3 1 12 2 7 3 21] 
[15 2 3 18 1 12 3 1 12 2 19 3 12 1 3 7 3 3 7 2 22 1 16 1 7 21 1 1 5 3 6 10 8 16 7 16 3 7 19 6 6 8 12 1 8 17 1 6 5 3 2 37 3 30 1 22 3 1 12 2 5 3 18 1 10 45 1 4 47 2 4 41 5 47] 
[2 3 2 23 3 15 1 7 3 3 20 1 7 2 14] 
[6 3 8 18 6 12 7 18 2 8 21 6 21 2 6 21 7 10 1 6 12 2 7 28 6 20 1 6 22] 
[14 1 9 16 1 9 30 1 9 17 2 2 25 3 25 3 3 25 2 19 1 12 3 1 35 2 28 3 35 1 10 12 1 10 12 1 4 15 3 3 25 2 19 1 12 2 3 37 2 25 1 10 47 1 10 47 1 10 47] 
[45 3 8 12 7 6 6 17 3 7 13 8 18 6 7 2 2 12 1 6 1 5 14 1 8 13 3 8 11 7 16 6 11 3 3 17 2 12 1 22 3 2 12 1 17 3 12 1 6 8 3 8 7 6 18 7 12 2 5 18 4 13 3 1 10 3 21 2 16 3 8 19 6 13 7 8 1 9 24 1 7 12 2 4 12 5 17 1 9 22 1 1 17 1 8 17 3 2 14 1 9 3 20 1 8 20 3 6 18 8 12 7 12 1 4 16 2 5 12 4 12 1 4 30 2 5 37 4 28 2 4 16 5 21 3 7 29 6 21 8 15 2 2 10 3 18 2 8 12 6 12 2 8 19 7 9 2 4 39 5 30 2 4 12 5 19 1 5 12 2 4 20 5 12 1 3 41 1 4 12 2 5 7 4 12 2 1 22 2 15 3 6 13 7 21 8 21 3 6 22 8 15 7 8 2 6 18 8 22 1 7 13 1 10 50 1 10 50] 
[4 1 8 8 3 6 14 8 28 7 21 2 6 8 8 22 2 8 22 6 22]}

EPTI7
{[45 3 6 17 8 12 7 6 1 8 18 1 2 12 1 5 14 2 6 16 8 13 1 6 11 1 2 12 3 1 17 2 12 3 12 1 8 13 2 8 7 7 12 1 4 13 1 2 16 2 7 8 6 13 1 9 24 2 6 18 8 12 2 5 17 4 12 1 9 22 3 1 17 2 10 3 22 3 7 22 8 17 6 10 2 3 20 1 9 1 8 20 2 6 18 7 12 2 5 11 4 16 2 4 12 5 12 1 4 30 2 5 37 4 28 2 5 21 4 16 3 7 29 6 21 8 15 1 3 18 1 7 17 2 7 9 6 13 2 4 39 5 30 1 5 19 1 5 12 1 5 12 2 3 41 1 20 2 4 12 5 18 1 4 12 3 3 22 1 22 2 15 1 6 13 3 7 8 8 15 6 22 2 7 10 6 18 1 8 9 1 10 50 1 10 50] 
[4 1 4 28 3 2 23 3 25 1 18 1 1 12 3 2 27 1 15 3 35] 
[2 1 2 23 2 2 14 1 7] 
[4 3 8 8 7 22 6 13 2 6 14 8 28 2 8 22 7 15 3 8 22 7 15 6 22] 
[15 3 1 12 3 18 2 12 1 3 12 2 3 7 2 13 3 2 22 1 16 3 7 2 6 8 8 14 2 1 5 2 18 3 7 16 8 16 6 10 1 6 6 2 8 17 6 17 2 6 5 8 12 1 2 37 2 2 5 3 18 1 10 45 2 5 41 4 47 1 5 47] 
[14 1 9 16 1 9 30 1 9 17 2 2 25 3 25 3 2 19 3 25 1 12 2 3 35 1 35 1 10 12 1 10 12 1 5 20 3 2 19 1 12 3 25 2 2 25 1 30 1 10 47 1 10 47 1 10 47] 
[12 1 9 13 1 9 15 3 8 18 7 11 6 6 1 3 20 3 7 11 6 6 8 18 2 6 6 8 18 2 7 11 6 6 1 8 17 3 7 12 8 17 6 17 1 2 12 2 6 12 8 12 2 8 19 7 12] 
[15 2 3 39 1 31 3 7 25 8 14 6 14 3 7 14 8 22 6 14 1 3 32 1 9 12 2 7 8 6 13 2 2 16 3 23 2 3 34 1 21 2 1 30 3 41 3 6 13 7 19 8 13 1 8 8 2 6 13 8 13 3 7 22 6 13 8 13 1 10 21 1 10 21] 
[6 3 8 18 6 12 7 18 3 8 21 6 21 7 15 2 8 15 7 10 3 8 12 6 12 7 18 1 6 20 1 7 38]}

EPTI8
{[14 1 9 16 1 9 30 1 9 17 2 2 25 1 19 3 1 12 2 19 3 25 2 3 35 1 35 1 10 12 1 10 12 2 5 20 4 15 3 3 25 1 12 2 19 1 1 30 1 10 47 1 10 47 1 10 47] 
[19 1 9 12 1 9 12 3 7 11 8 17 6 5 2 7 17 6 5 3 8 13 7 13 6 19 3 7 20 6 10 8 15 2 8 18 6 18 1 8 12 1 7 25 1 7 20 3 3 13 2 20 1 8 1 6 8 3 2 14 1 6 3 19 1 7 14 2 2 20 1 14 3 2 20 1 14 3 20 2 6 7 7 15 2 6 8 7 18 2 6 20 8 13] 
[4 2 5 20 4 28 2 3 25 2 23 2 3 27 2 21 3 3 35 1 15 2 27] 
[15 2 2 12 1 12 2 1 12 3 12 3 3 7 1 21 2 13 1 1 16 2 6 8 8 14 1 2 18 2 6 10 7 16 1 6 6 1 6 17 3 8 12 6 5 7 20 3 1 22 3 30 2 37 2 3 18 2 5 1 10 45 2 4 47 5 41 1 4 41] 
[12 1 9 13 1 9 15 2 7 11 8 18 3 3 20 2 13 1 6 3 7 11 8 18 6 6 1 8 18 3 8 18 7 11 6 6 3 6 17 8 17 7 12 2 7 12 6 17 1 1 17 1 6 12 3 8 19 7 12 6 6] 
[45 3 8 12 6 17 7 6 3 8 18 6 7 7 13 1 1 6 1 4 9 2 7 8 6 16 3 8 11 7 16 6 11 2 1 22 2 12 3 3 12 1 17 2 12 1 7 20 2 6 18 8 7 2 4 13 5 18 1 3 21 1 6 13 1 9 24 3 6 18 8 12 7 12 1 4 12 1 9 22 1 1 17 2 7 22 6 10 2 2 14 3 20 3 7 13 6 7 8 20 1 7 12 1 4 16 2 4 12 5 12 2 4 30 5 39 2 5 37 4 28 2 5 21 4 16 1 8 15 2 2 10 3 18 1 7 17 1 6 13 1 4 39 2 5 19 4 12 2 4 20 5 12 2 5 12 4 20 1 2 31 2 5 18 4 12 2 4 12 5 7 2 2 15 1 22 3 8 21 6 13 7 21 2 6 22 7 8 3 7 10 6 18 8 22 1 6 22 1 10 50 1 10 50] 
[4 2 6 13 8 8 2 6 14 7 21 3 8 22 7 15 6 8 2 6 22 8 22] 
[15 3 3 39 2 20 1 31 2 6 14 7 25 2 7 14 6 14 1 3 32 1 9 12 1 7 8 2 3 23 1 9 2 3 34 2 32 2 1 30 3 41 3 7 19 6 13 8 13 2 7 24 6 13 1 7 21 1 6 13 1 10 21 1 10 21] 
[6 1 6 12 1 8 21 3 6 21 8 15 7 10 1 7 18 3 6 20 7 28 8 35 3 7 38 6 22 8 31] 
[19 1 7 13 3 2 20 3 20 1 15 3 1 19 2 12 3 26 2 6 14 8 19 1 1 30 3 7 7 6 14 8 20 2 8 20 7 7 1 10 15 1 5 36 1 7 7 1 2 7 1 5 15 1 3 20 2 4 15 5 21 1 9 15 1 5 16 1 5 17 1 4 17 1 10 47]}

EPTI9
{[15 1 2 20 3 6 14 7 25 8 14 1 6 14 1 1 21 1 9 12 3 7 8 8 22 6 13 3 2 16 1 9 3 23 1 3 34 3 1 30 2 49 3 41 1 6 13 1 8 8 2 6 13 8 13 1 7 22 1 10 21 1 10 21] 
[12 1 9 13 1 9 15 2 8 18 6 6 2 2 13 1 6 3 7 11 6 6 8 18 1 8 18 3 8 18 7 11 6 6 2 7 12 6 17 3 6 17 7 12 8 17 2 3 17 2 12 1 8 12 1 7 12] 
[14 1 9 16 1 9 30 1 9 17 2 3 25 1 19 1 2 19 1 3 35 1 10 12 1 10 12 1 5 20 3 3 25 1 12 2 19 1 2 25 1 10 47 1 10 47 1 10 47] 
[4 1 3 14 2 2 19 3 14 3 1 5 2 12 3 19 2 3 21 2 7] 
[12 1 2 14 3 2 15 1 31 3 23 3 1 8 2 15 3 25 2 4 14 5 7 1 5 13 1 2 9 1 9 13 1 2 22 2 2 13 1 7 1 9 16 3 2 30 1 50 3 41 2 5 20 4 15] 
[4 2 5 20 4 28 3 1 18 3 25 2 23 1 1 12 2 3 35 2 27] 
[45 1 8 12 2 7 13 8 18 3 1 6 2 12 3 18 1 5 14 3 8 13 6 16 7 8 3 6 11 8 11 7 16 3 3 17 2 12 1 22 2 1 17 3 12 1 8 13 1 7 12 1 4 13 1 2 16 2 7 8 8 19 1 9 24 2 7 12 6 18 2 5 17 4 12 1 9 22 2 3 22 1 17 3 7 22 8 17 6 10 3 1 9 2 14 3 20 1 8 20 2 8 12 7 12 2 4 16 5 11 1 4 12 2 4 30 5 39 1 4 28 2 5 21 4 16 1 8 15 3 3 18 1 26 2 10 3 7 17 8 12 6 12 3 6 13 8 19 7 9 2 5 30 4 39 1 4 12 2 4 20 5 12 1 4 20 2 1 20 3 41 2 4 12 5 18 2 5 7 4 12 1 2 15 1 6 13 1 7 8 2 8 22 6 18 1 6 22 1 10 50 1 10 50] 
[8 1 9 13 2 4 12 5 18 2 7 8 6 13 3 6 18 8 18 7 11 3 2 36 1 25 3 44 1 2 41 2 1 31 2 47 2 2 31 3 42] 
[4 3 7 22 8 8 6 13 3 7 21 8 28 6 14 2 7 15 6 8 3 6 22 7 15 8 22]
[2 1 1 7 1 1 7]}

EPTI10
{[12 1 1 8 3 1 31 2 15 3 23 1 3 25 1 5 7 1 5 13 2 2 9 1 20 1 9 13 2 1 40 2 22 3 3 17 1 7 2 13 1 9 16 1 1 50 2 4 15 5 20] 
[15 1 3 39 1 8 14 2 7 14 6 14 3 3 32 1 21 2 41 1 9 12 1 7 8 1 3 23 1 1 21 2 2 49 3 41 2 6 13 7 19 1 7 24 3 7 21 6 13 8 13 1 6 13 1 10 21 1 10 21] 
[13 2 2 7 3 20 1 1 22 1 3 10 2 3 20 1 8 3 2 15 3 15 1 21 1 4 31 3 1 8 2 21 3 15 3 3 20 1 7 2 14 2 3 17 2 21 1 3 10 3 1 35 3 40 2 26 1 4 32 1 10 40] 
[15 2 2 12 3 18 2 1 12 3 12 3 2 13 1 21 3 7 1 1 16 2 6 8 8 14 3 3 12 1 5 2 18 1 8 16 3 8 12 6 6 7 19 2 6 17 8 17 3 6 5 7 20 8 12 3 3 30 2 37 1 22 2 3 18 2 5 1 10 45 1 5 41 2 4 41 5 47] 
[45 1 8 12 2 7 13 6 7 1 2 12 2 5 14 4 9 2 7 8 6 16 1 6 11 2 2 12 1 22 1 2 12 2 7 20 8 13 3 8 7 6 18 7 12 2 4 13 5 18 2 2 16 1 10 1 8 19 1 9 24 2 6 18 8 12 2 5 17 4 12 1 9 22 2 2 10 1 17 2 8 17 7 22 1 2 14 3 7 13 8 20 6 7 2 7 12 6 18 2 5 11 4 16 2 5 12 4 12 2 5 39 4 30 1 5 37 1 5 21 1 8 15 2 2 10 1 26 2 8 12 6 12 3 7 9 8 19 6 13 2 4 39 5 30 2 4 12 5 19 2 4 20 5 12 1 5 12 2 3 41 1 20 2 5 18 4 12 1 5 7 3 2 15 3 22 1 22 1 6 13 1 6 22 1 7 10 2 7 13 6 22 1 10 50 1 10 50] 
[4 1 5 20 3 3 25 2 23 1 18 1 1 12 3 1 15 3 35 2 27] 
[12 1 9 13 1 9 15 1 7 11 1 2 13 3 6 6 7 11 8 18 1 7 11 2 7 11 6 6 2 8 17 6 17 2 8 17 6 17 3 2 12 3 17 1 17 1 8 12 2 8 19 6 6] 
[4 3 3 14 2 21 1 6 1 2 19 3 1 5 3 19 2 12 3 1 12 3 21 2 7] 
[2 3 3 15 2 23 1 7 3 1 7 3 20 2 14] 
[8 1 9 13 1 4 12 2 6 13 7 8 3 7 11 8 18 6 18 2 3 44 1 25 3 1 30 2 41 3 47 3 3 41 2 47 1 31 2 3 42 1 48]}

EPTI11
{[2 2 3 15 1 7 3 2 14 1 7 3 20] 
[19 1 9 12 1 9 12 3 6 5 7 11 8 17 2 7 17 8 12 3 8 13 7 13 6 19 1 6 10 3 6 18 7 10 8 18 1 7 12 2 8 19 7 25 3 8 15 7 20 6 10 1 1 8 2 6 8 8 13 1 2 14 1 8 19 1 3 20 1 1 14 2 6 7 8 21 1 6 8 3 6 20 8 13 7 13] 
[6 1 8 18 1 7 15 2 7 10 6 21 3 6 12 8 12 7 18 2 6 20 8 35 1 7 38] 
[45 3 6 17 8 12 7 6 1 6 7 1 3 18 1 4 9 2 7 8 6 16 3 8 11 7 16 6 11 1 2 12 3 1 17 3 12 2 12 3 8 13 6 8 7 20 3 6 18 7 12 8 7 2 4 13 5 18 2 2 16 3 21 3 6 13 8 19 7 8 1 9 24 3 6 18 7 12 8 12 1 5 17 1 9 22 1 3 22 3 8 17 6 10 7 22 3 1 9 3 20 2 14 1 7 13 1 7 12 2 5 11 4 16 2 4 12 5 12 2 4 30 5 39 2 5 37 4 28 2 4 16 5 21 2 8 15 7 29 1 1 26 3 6 12 7 17 8 12 1 7 9 2 5 30 4 39 1 4 12 2 5 12 4 20 1 4 20 3 3 41 2 31 1 20 2 4 12 5 18 1 4 12 3 2 15 1 22 3 22 2 7 21 8 21 2 6 22 8 15 1 7 10 2 7 13 6 22 1 10 50 1 10 50] 
[4 3 1 6 2 21 3 14 1 1 7 2 3 19 2 12 1 1 12] 
[4 1 5 20 2 2 23 3 25 3 3 27 2 21 1 12 2 2 27 1 15] 
[12 1 9 13 1 9 15 1 8 18 1 2 13 2 6 6 7 11 3 7 11 6 6 8 18 2 7 11 8 18 1 6 17 2 8 17 7 12 2 1 17 2 12 2 8 12 6 12 3 7 12 6 6 8 19] 
[8 1 9 13 2 4 12 5 18 1 8 21 1 7 11 3 2 36 1 25 3 44 2 2 41 1 30 3 1 31 3 41 2 47 3 1 48 3 42 2 31] 
[15 3 2 12 3 18 1 12 1 3 12 3 1 21 3 7 2 13 2 3 7 1 16 3 6 8 8 14 7 21 2 3 12 2 18 1 6 10 1 8 12 1 6 17 2 8 12 7 20 3 1 22 3 30 2 37 3 1 12 2 5 3 18 1 10 45 1 5 41 2 5 47 4 41] 
[12 1 3 22 1 3 23 3 2 15 1 8 3 25 2 5 7 4 14 2 5 13 4 8 1 2 9 1 9 13 2 1 40 3 35 1 3 17 1 9 16 3 3 41 1 50 2 30 1 5 20]}

EPTI12
{[4 3 6 13 7 22 8 8 2 6 14 8 28 3 6 8 8 22 7 15 3 6 22 8 22 7 15] 
[45 3 6 17 8 12 7 6 3 7 13 6 7 8 18 1 2 12 1 4 9 1 7 8 2 7 16 6 11 3 3 17 1 22 2 12 2 2 12 3 12 3 7 20 6 8 8 13 1 8 7 1 5 18 3 3 21 1 10 2 16 2 7 8 8 19 1 9 24 1 6 18 2 4 12 5 17 1 9 22 1 1 17 3 8 17 6 10 7 22 1 1 9 1 7 13 3 7 12 6 18 8 12 1 5 11 2 5 12 4 12 2 5 39 4 30 2 4 28 5 37 1 4 16 2 6 21 7 29 1 2 10 2 8 12 6 12 3 7 9 6 13 8 19 2 4 39 5 30 2 5 19 4 12 2 5 12 4 20 2 4 20 5 12 1 1 20 2 5 18 4 12 1 4 12 3 3 22 2 15 1 22 1 6 13 1 7 8 3 6 18 8 22 7 10 1 7 13 1 10 50 1 10 50] 
[6 1 8 18 2 7 15 8 21 1 8 15 2 6 12 8 12 2 8 35 6 20 1 6 22] 
[14 1 9 16 1 9 30 1 9 17 2 2 25 1 19 1 3 25 2 2 28 1 35 1 10 12 1 10 12 1 4 15 2 1 12 3 25 2 2 25 3 37 1 10 47 1 10 47 1 10 47] 
[12 1 9 13 1 9 15 2 6 6 7 11 3 2 13 1 6 3 20 1 6 6 3 6 6 8 18 7 11 1 6 6 2 8 17 7 12 1 7 12 3 3 17 2 12 1 17 1 8 12 3 8 19 7 12 6 6] 
[19 1 9 12 1 9 12 2 6 5 8 17 3 6 5 7 17 8 12 1 8 13 1 7 20 1 8 18 3 8 12 6 19 7 12 2 8 19 6 19 1 6 10 3 3 13 2 20 1 8 2 7 18 8 13 3 2 14 3 19 1 6 2 7 14 6 6 3 2 20 3 20 1 14 1 3 20 2 6 7 7 15 3 8 13 7 18 6 8 1 7 13] 
[4 2 1 6 3 14 2 2 19 3 14 1 2 12 1 1 12] 
[15 1 3 18 3 3 12 1 12 2 19 2 3 7 2 13 1 1 16 1 7 21 1 2 18 3 6 10 8 16 7 16 1 7 19 2 6 17 8 17 3 7 20 8 12 6 5 2 2 37 3 30 2 3 18 1 12 1 10 45 2 5 41 4 47 1 5 47] 
[15 3 3 39 2 20 1 31 2 7 25 8 14 3 7 14 6 14 8 22 1 2 41 1 9 12 2 6 13 8 22 3 3 23 2 16 1 9 2 1 21 3 34 2 1 30 3 41 1 7 19 2 7 24 6 13 1 7 21 2 8 13 7 22 1 10 21 1 10 21] 
[8 1 9 13 2 4 12 5 18 1 6 13 3 8 18 6 18 7 11 1 3 44 2 2 41 3 47 1 2 47 3 3 42 2 31 1 48] 
[12 2 1 8 3 22 2 2 15 3 23 1 2 15 1 5 7 2 4 8 5 13 3 1 20 3 14 2 9 1 9 13 2 3 35 1 40 2 3 17 1 7 1 9 16 1 1 50 1 4 15] 
[19 1 6 19 2 1 15 2 20 2 1 19 3 26 2 6 14 7 7 1 1 30 1 7 7 3 7 7 8 20 6 14 1 10 15 1 4 31 2 7 7 6 14 3 3 20 1 14 2 7 2 5 15 4 15 1 3 20 1 4 15 1 9 15 1 5 16 2 4 10 5 17 1 5 12 1 10 47]}

EPTI13
{[12 1 9 13 1 9 15 3 7 11 6 6 8 18 1 3 20 1 6 6 1 8 18 1 6 6 3 8 17 7 12 6 17 2 6 17 7 12 3 1 17 2 12 3 17 1 8 12 1 7 12] 
[14 1 9 16 1 9 30 1 9 17 1 1 19 2 2 19 1 12 1 2 28 1 10 12 1 10 12 1 4 15 3 2 19 1 12 3 25 2 1 30 2 25 1 10 47 1 10 47 1 10 47] 
[45 2 6 17 7 6 1 6 7 1 1 6 2 5 14 4 9 1 7 8 1 6 11 3 1 22 2 12 3 17 2 3 12 1 17 2 7 20 6 8 1 7 12 1 5 18 2 3 21 1 10 1 7 8 1 9 24 3 8 12 7 12 6 18 1 5 17 1 9 22 3 1 17 2 10 3 22 3 8 17 7 22 6 10 2 2 14 3 20 2 6 7 8 20 2 8 12 6 18 1 4 16 2 4 12 5 12 1 5 39 2 4 28 5 37 2 4 16 5 21 2 7 29 6 21 1 2 10 1 8 12 3 6 13 8 19 7 9 1 5 30 1 5 19 1 5 12 1 5 12 1 2 31 1 4 12 2 5 7 4 12 2 2 15 1 22 3 6 13 8 21 7 21 3 6 22 8 15 7 8 3 8 22 6 18 7 10 2 7 13 6 22 1 10 50 1 10 50] 
[13 3 3 20 2 7 1 14 2 2 6 3 15 2 2 22 1 16 2 2 14 3 20 3 3 15 1 21 2 15 2 5 39 4 31 3 3 15 1 8 2 21 1 2 14 2 2 21 3 17 3 2 23 1 16 3 10 3 3 40 2 26 1 35 2 5 32 4 32 1 10 40] 
[4 2 3 14 1 6 3 3 14 1 7 2 19 1 1 5 2 3 21 2 7]
[4 2 4 28 5 20 2 3 25 2 23 1 2 21 2 3 35 1 15]
[15 1 1 31 2 7 25 6 14 1 7 14 2 2 41 1 21 1 9 12 2 8 22 6 13 1 1 9 2 3 34 2 32 2 3 41 1 30 1 8 13 3 6 13 7 24 8 8 3 6 13 7 21 8 13 2 7 22 6 13 1 10 21 1 10 21] 
[2 2 1 7 2 23 2 3 20 2 14] 
[19 3 6 19 8 13 7 13 2 1 15 3 20 3 1 19 3 26 2 12 2 8 19 6 14 1 3 37 1 7 7 1 6 14 1 10 15 2 5 36 4 31 1 7 7 2 2 7 3 20 2 4 15 5 15 3 1 14 2 7 3 20 1 5 21 1 9 15 1 4 11 2 5 17 4 10 1 5 12 1 10 47] 
[8 1 9 13 2 4 12 5 18 2 7 8 8 21 1 6 18 2 1 25 3 44 1 2 41 3 1 31 2 47 3 41 2 3 42 2 31] 
[19 1 9 12 1 9 12 3 8 17 6 5 7 11 2 8 12 6 5 2 7 13 8 13 3 6 10 8 15 7 20 2 6 18 7 10 3 8 12 7 12 6 19 1 7 25 2 8 15 6 10 1 3 13 1 7 18 1 3 19 1 8 19 2 2 20 3 20 1 1 14 1 6 7 2 6 8 8 13 1 8 13] 
[6 3 7 18 8 18 6 12 1 8 21 3 8 15 7 10 6 21 2 6 12 7 18 3 7 28 6 20 8 35 3 6 22 7 38 8 31]}

EPTI14
{[19 3 8 13 6 19 7 13 1 3 20 2 3 26 2 12 1 8 19 1 2 37 3 7 7 8 20 6 14 1 8 20 1 10 15 1 4 31 1 8 20 3 3 20 1 14 2 7 2 4 15 5 15 3 2 7 1 14 3 20 1 5 21 1 9 15 1 4 11 2 5 17 4 10 2 4 17 5 12 1 10 47] 
[14 1 9 16 1 9 30 1 9 17 2 1 19 3 25 1 3 25 2 3 35 2 28 1 10 12 1 10 12 1 5 20 2 2 19 3 25 1 1 30 1 10 47 1 10 47 1 10 47] 
[8 1 9 13 2 4 12 5 18 3 7 8 6 13 8 21 3 8 18 6 18 7 11 3 2 36 1 25 3 44 1 3 47 3 3 41 2 47 1 31 1 3 42] 
[4 1 4 28 1 3 25 2 3 27 2 21 1 2 27] 
[19 1 9 12 1 9 12 2 6 5 7 11 1 7 17 3 8 13 6 19 7 13 1 7 20 1 8 18 3 7 12 8 12 6 19 2 8 19 6 19 1 6 10 2 2 20 3 13 2 8 13 6 8 3 3 19 1 6 2 14 3 7 14 6 6 8 19 1 1 14 1 1 14 2 7 15 8 21 3 8 13 6 8 7 18 1 6 20] 
[4 2 3 14 2 21 3 1 7 2 19 3 14 1 3 19 1 3 21] 
[2 2 2 23 1 7 1 2 14] 
[4 2 6 13 8 8 1 6 14 2 6 8 8 22 2 6 22 8 22] 
[15 2 2 20 3 39 2 8 14 7 25 3 6 14 7 14 8 22 1 1 21 1 9 12 1 6 13 2 3 23 1 9 1 2 32 3 3 41 1 30 2 49 3 8 13 7 19 6 13 3 8 8 6 13 7 24 2 7 21 8 13 2 6 13 8 13 1 10 21 1 10 21] 
[12 3 3 22 1 8 2 14 2 3 23 1 31 3 3 25 1 8 2 15 2 5 7 4 14 1 4 8 2 2 9 3 14 1 9 13 3 1 40 2 22 3 35 1 3 17 1 9 16 2 2 30 1 50 1 5 20] 
[13 1 1 14 3 3 15 1 22 2 6 3 2 22 3 10 1 16 2 3 20 1 8 1 2 15 2 4 31 5 39 2 3 15 1 8 1 3 20 2 3 17 2 21 3 1 16 2 23 3 10 1 2 26 2 4 32 5 32 1 10 40] 
[15 2 2 12 3 18 1 1 12 3 3 7 2 13 1 21 1 1 16 1 8 14 3 1 5 2 18 3 12 1 7 16 1 6 6 1 7 10 2 8 12 6 5 1 1 22 2 3 18 2 5 1 10 45 1 5 41 1 5 47]}

EPTI15
{[2 3 1 7 3 15 2 23 3 2 14 1 7 3 20] 
[8 1 9 13 1 4 12 2 6 13 8 21 3 8 18 6 18 7 11 1 3 44 3 3 47 2 41 1 30 1 1 31 1 1 48] 
[4 2 5 20 4 28 1 3 25 3 1 12 3 27 2 21 2 1 15 2 27] 
[19 3 7 13 6 19 8 13 3 3 20 2 20 1 15 2 1 19 3 26 2 7 7 6 14 1 1 30 2 7 7 8 20 2 6 14 7 7 1 10 15 2 5 36 4 31 3 7 7 8 20 6 14 2 3 20 1 14 1 4 15 3 3 20 1 14 2 7 1 5 21 1 9 15 1 4 11 2 4 10 5 17 1 5 12 1 10 47] 
[15 3 2 20 1 31 3 39 1 6 14 1 6 14 2 1 21 2 41 1 9 12 3 8 22 7 8 6 13 1 1 9 1 2 32 3 3 41 1 30 2 49 1 8 13 3 8 8 7 24 6 13 3 8 13 7 21 6 13 3 8 13 6 13 7 22 1 10 21 1 10 21] 
[13 2 1 14 3 20 2 3 15 2 6 2 1 16 3 10 3 2 14 1 8 3 20 3 1 21 2 15 3 15 2 4 31 5 39 1 1 8 3 2 14 1 7 3 20 2 1 11 3 17 2 1 16 2 23 3 1 35 2 26 3 40 1 5 32 1 10 40] 
[45 2 8 12 6 17 1 8 18 2 2 12 1 6 2 4 9 5 14 2 8 13 6 16 3 8 11 7 16 6 11 1 3 17 2 1 17 3 12 1 8 13 2 7 12 6 18 1 5 18 3 3 21 2 16 1 10 1 6 13 1 9 24 1 8 12 2 4 12 5 17 1 9 22 1 2 10 1 7 22 1 2 14 3 8 20 6 7 7 13 3 6 18 7 12 8 12 2 4 16 5 11 2 5 12 4 12 1 5 39 1 5 37 1 5 21 1 7 29 2 1 26 3 18 3 6 12 8 12 7 17 1 7 9 2 5 30 4 39 2 5 19 4 12 2 5 12 4 20 1 5 12 1 1 20 2 4 12 5 18 2 4 12 5 7 3 2 15 1 22 3 22 2 7 21 6 13 1 6 22 2 7 10 8 22 2 7 13 6 22 1 10 50 1 10 50] 
[4 2 7 22 6 13 3 7 21 6 14 8 28 1 8 22 1 8 22] 
[19 1 9 12 1 9 12 2 6 5 7 11 1 8 12 2 8 13 6 19 1 6 10 3 6 18 7 10 8 18 3 8 12 6 19 7 12 2 6 19 7 25 2 8 15 7 20 2 1 8 2 20 3 7 18 8 13 6 8 2 1 6 2 14 3 8 19 6 6 7 14 2 2 20 3 20 1 3 20 1 8 21 2 7 18 6 8 3 8 13 6 20 7 13]
[14 1 9 16 1 9 30 1 9 17 2 3 25 2 25 2 3 25 1 12 1 2 28 1 10 12 1 10 12 1 4 15 3 1 12 3 25 2 19 2 3 37 2 25 1 10 47 1 10 47 1 10 47] 
[4 3 2 21 3 14 1 6 1 1 7 2 2 12 1 5 2 2 7 1 12] 
[15 1 1 12 1 1 12 1 1 21 3 2 22 3 7 1 16 2 7 21 8 14 3 3 12 1 5 2 18 1 6 10 1 8 12 3 7 10 8 17 6 17 3 7 20 8 12 6 5 3 3 30 2 37 1 22 2 2 5 3 18 1 10 45 2 4 47 5 41 2 4 41 5 47]}

EPTI16
{[19 2 8 13 6 19 1 2 20 3 3 26 2 12 1 19 3 7 7 6 14 8 19 3 1 30 3 37 2 37 1 8 20 1 6 14 1 10 15 1 4 31 1 7 7 2 1 14 2 7 2 5 15 4 15 1 2 7 1 4 15 1 9 15 1 5 16 1 5 17 1 4 17 1 10 47] 
[12 1 9 13 1 9 15 1 8 18 2 1 6 3 20 1 8 18 2 6 6 7 11 2 7 11 6 6 3 7 12 6 17 8 17 3 8 17 7 12 6 17 1 3 17 3 7 17 6 12 8 12 3 7 12 6 6 8 19] 
[15 3 1 12 3 18 2 12 2 2 19 3 12 3 1 21 2 13 3 7 2 1 16 3 7 3 6 8 8 14 7 21 1 2 18 2 7 16 6 10 1 7 19 2 7 10 6 17 1 6 5 3 1 22 2 37 3 30 3 3 18 2 5 1 12 1 10 45 2 4 47 5 41 2 5 47 4 41] 
[12 1 1 8 1 1 31 1 3 25 1 5 7 1 4 8 1 1 20 1 9 13 3 3 35 1 40 2 22 1 1 7 1 9 16 2 1 50 2 30 1 5 20] 
[14 1 9 16 1 9 30 1 9 17 2 3 25 2 25 2 2 19 3 25 1 1 35 1 10 12 1 10 12 1 4 15 2 1 12 3 25 2 3 37 1 30 1 10 47 1 10 47 1 10 47] 
[45 1 6 17 2 8 18 7 13 3 3 18 1 6 2 12 2 5 14 4 9 2 8 13 7 8 1 8 11 2 2 12 3 17 1 2 12 3 6 8 7 20 8 13 1 6 18 1 4 13 3 2 16 1 10 3 21 2 6 13 7 8 1 9 24 2 6 18 7 12 1 5 17 1 9 22 3 2 10 1 17 3 22 1 8 17 2 2 14 3 20 1 8 20 1 7 12 2 5 11 4 16 2 5 12 4 12 2 4 30 5 39 1 4 28 1 5 21 3 7 29 8 15 6 21 3 1 26 3 18 2 10 3 6 12 8 12 7 17 1 6 13 1 5 30 1 4 12 2 5 12 4 20 1 4 20 3 2 31 3 41 1 20 2 5 18 4 12 2 4 12 5 7 2 3 22 1 22 1 8 21 1 6 22 1 8 22 3 6 22 8 9 7 13 1 10 50 1 10 50] 
[4 2 5 20 4 28 3 2 23 1 18 3 25 1 1 12 2 3 35 2 27] 
[13 3 3 20 1 14 2 7 3 1 22 2 6 3 15 3 1 16 2 22 3 10 2 2 14 3 20 2 2 15 1 21 1 5 39 1 2 21 2 1 7 2 14 2 3 17 2 21 3 1 16 2 23 3 10 3 1 35 3 40 2 26 2 4 32 5 32 1 10 40] 
[4 2 8 8 6 13 3 6 14 8 28 7 21 1 8 22 2 8 22 6 22] 
[15 3 2 20 3 39 1 31 1 6 14 3 8 22 6 14 7 14 1 1 21 1 9 12 2 7 8 8 22 2 3 23 1 9 3 3 34 2 32 1 21 1 2 49 2 7 19 6 13 3 8 8 7 24 6 13 3 8 13 6 13 7 21 2 6 13 7 22 1 10 21 1 10 21] 
[8 1 9 13 2 4 12 5 18 3 8 21 7 8 6 13 3 6 18 8 18 7 11 1 3 44 3 2 41 3 47 1 30 3 2 47 3 41 1 31 3 3 42 2 31 1 48] 
[6 3 7 18 6 12 8 18 2 8 21 6 21 1 6 21 3 7 18 6 12 8 12 1 6 20 2 7 38 8 31] 
[2 2 1 7 2 23 1 3 20]}

EPTI17
{[13 1 1 14 2 1 22 3 15 1 2 22 3 2 14 1 8 3 20 1 3 15 1 4 31 3 1 8 3 15 2 21 1 2 14 2 3 17 2 21 3 3 10 2 23 1 16 2 3 40 2 26 1 4 32 1 10 40] 
[12 1 9 13 1 9 15 2 7 11 8 18 3 2 13 3 20 1 6 1 8 18 1 8 18 2 6 6 7 11 2 6 17 7 12 1 7 12 2 3 17 1 17 2 7 17 8 12 1 6 6] 
[6 3 6 12 7 18 8 18 1 6 21 3 6 21 7 10 8 15 3 7 18 8 12 6 12 3 6 20 8 35 7 28 2 8 31 7 38] 
[19 1 9 12 1 9 12 3 7 11 8 17 6 5 1 6 5 2 6 19 8 13 3 8 15 7 20 6 10 1 7 10 3 6 19 8 12 7 12 2 8 19 6 19 1 8 15 3 1 8 2 20 3 13 2 7 18 6 8 1 3 19 3 7 14 8 19 6 6 1 3 20 2 3 20 2 20 1 7 15 1 6 8 3 8 13 7 13 6 20] 
[19 1 7 13 1 1 15 3 3 26 2 12 1 19 1 6 14 3 2 37 1 30 3 37 2 8 20 6 14 3 6 14 8 20 7 7 1 10 15 1 4 31 1 7 7 2 3 20 1 14 2 4 15 5 15 3 3 20 1 14 2 7 1 4 15 1 9 15 1 4 11 1 5 17 1 4 17 1 10 47] 
[4 3 6 13 8 8 7 22 3 7 21 6 14 8 28 2 7 15 6 8 2 7 15 8 22] 
[12 2 1 8 2 14 3 2 15 1 31 3 23 3 3 25 1 8 2 15 2 5 7 4 14 2 4 8 5 13 1 3 14 1 9 13 2 2 22 1 40 2 2 13 1 7 1 9 16 3 3 41 2 30 1 50 2 4 15 5 20] 
[2 1 3 15 3 2 14 3 20 1 7] 
[15 2 3 39 1 31 2 6 14 8 14 3 8 22 7 14 6 14 1 1 21 1 9 12 2 7 8 6 13 1 2 16 1 3 34 2 3 41 2 49 3 8 13 6 13 7 19 2 8 8 6 13 2 6 13 8 13 1 6 13 1 10 21 1 10 21] 
[45 2 8 12 7 6 3 6 7 8 18 7 13 3 2 12 1 6 3 18 1 4 9 1 6 16 2 7 16 6 11 1 1 22 3 3 12 2 12 1 17 1 6 8 3 6 18 8 7 7 12 1 4 13 3 2 16 3 21 1 10 1 7 8 1 9 24 3 7 12 8 12 6 18 1 5 17 1 9 22 1 3 22 2 8 17 7 22 3 3 20 2 14 1 9 1 7 13 1 7 12 1 5 11 2 5 12 4 12 1 4 30 2 4 28 5 37 1 5 21 3 7 29 6 21 8 15 1 3 18 1 6 12 2 6 13 7 9 1 4 39 2 4 12 5 19 1 4 20 1 5 12 1 3 41 1 5 18 2 4 12 5 7 3 3 22 1 22 2 15 2 8 21 6 13 2 6 22 7 8 1 6 18 3 7 13 8 9 6 22 1 10 50 1 10 50] 
[14 1 9 16 1 9 30 1 9 17 3 2 25 3 25 1 19 1 2 19 1 1 35 1 10 12 1 10 12 2 5 20 4 15 1 2 19 1 1 30 1 10 47 1 10 47 1 10 47] 
[15 2 3 18 1 12 1 3 12 2 1 21 2 13 3 2 22 3 7 1 16 1 8 14 1 2 18 3 7 16 8 16 6 10 1 7 19 2 8 17 6 17 3 8 12 6 5 7 20 3 1 22 2 37 3 30 3 2 5 3 18 1 12 1 10 45 1 5 41 2 4 41 5 47] 
[4 1 4 28 1 2 23 2 3 27 1 12 1 1 15]}

EPTI18
{[6 2 8 18 6 12 2 6 21 8 21 3 6 21 7 10 8 15 1 6 12 3 8 35 7 28 6 20 1 7 38] 
[45 2 7 6 8 12 1 8 18 1 2 12 2 5 14 4 9 3 8 13 6 16 7 8 3 6 11 8 11 7 16 3 1 22 3 17 2 12 1 2 12 1 7 20 3 6 18 7 12 8 7 2 4 13 5 18 2 3 21 1 10 2 7 8 8 19 1 9 24 2 8 12 7 12 1 4 12 1 9 22 1 3 22 2 6 10 8 17 2 3 20 2 14 3 8 20 7 13 6 7 1 6 18 2 4 16 5 11 1 4 12 1 4 30 2 5 37 4 28 2 4 16 5 21 1 6 21 3 2 10 3 18 1 26 2 7 17 8 12 2 6 13 8 19 2 4 39 5 30 2 5 19 4 12 1 4 20 2 4 20 5 12 2 3 41 1 20 2 5 18 4 12 2 4 12 5 7 1 2 15 1 6 13 2 6 22 8 15 3 6 18 7 10 8 22 3 7 13 6 22 8 9 1 10 50 1 10 50] 
[8 1 9 13 1 5 18 2 7 8 8 21 1 7 11 1 2 36 2 2 41 1 30 1 1 31 2 3 42 1 48] 
[15 1 2 12 3 2 19 3 12 1 12 1 2 13 2 3 7 1 16 3 8 14 6 8 7 21 1 1 5 1 6 10 3 6 6 7 19 8 12 2 8 17 7 10 3 7 20 8 12 6 5 2 2 37 3 30 2 2 5 1 12 1 10 45 1 5 41 1 5 47] 
[2 3 2 23 1 7 3 15 2 2 14 3 20]
[4 3 3 14 1 6 2 21 2 3 14 1 7 3 2 12 1 5 3 19 3 3 21 2 7 1 12] 
[19 1 9 12 1 9 12 1 7 11 2 8 12 6 5 1 8 13 1 6 10 1 6 18 2 8 12 7 12 1 6 19 2 7 20 8 15 1 1 8 2 7 18 8 13 1 3 19 1 6 6 1 1 14 1 3 20 3 7 15 6 7 8 21 2 6 8 8 13 2 7 13 8 13]
[12 1 9 13 1 9 15 1 6 6 3 1 6 2 13 3 20 2 6 6 7 11 2 6 6 7 11 1 7 11 3 6 17 8 17 7 12 2 8 17 6 17 2 2 12 3 17 2 7 17 6 12 3 7 12 8 19 6 6]
[13 2 2 7 1 14 3 2 6 3 15 1 22 3 2 22 1 16 3 10 3 1 8 3 20 2 14 2 1 21 3 15 2 4 31 5 39 3 2 21 1 8 3 15 2 1 7 2 14 1 3 17 3 3 10 2 23 1 16 2 3 40 2 26 2 5 32 4 32 1 10 40] 
[4 1 4 28 1 3 25 1 2 21 2 3 35 1 15]
[14 1 9 16 1 9 30 1 9 17 3 2 25 3 25 1 19 2 1 12 2 19 3 1 35 2 28 3 35 1 10 12 1 10 12 1 4 15 3 1 12 2 19 3 25 3 3 37 1 30 2 25 1 10 47 1 10 47 1 10 47] 
[4 3 7 22 8 8 6 13 3 6 14 7 21 8 28 2 6 8 7 15 2 6 22 8 22] 
[15 2 1 31 3 39 3 8 14 7 25 6 14 3 8 22 7 14 6 14 1 3 32 1 9 12 3 6 13 7 8 8 22 1 3 23 2 3 34 1 21 1 2 49 3 6 13 7 19 8 13 2 7 24 6 13 3 7 21 6 13 8 13 1 8 13 1 10 21 1 10 21]}

EPTI19
{[8 1 9 13 1 4 12 2 7 8 6 13 1 6 18 2 2 36 3 44 1 2 41 1 1 31 2 1 48 3 42] 
[15 1 3 39 2 8 14 7 25 3 6 14 8 22 7 14 2 2 41 1 21 1 9 12 3 6 13 7 8 8 22 1 3 23 1 3 34 2 2 49 1 30 1 6 13 3 7 24 6 13 8 8 1 7 21 1 6 13 1 10 21 1 10 21] 
[6 2 7 18 6 12 2 7 15 8 21 2 7 10 6 21 3 6 12 7 18 8 12 2 8 35 6 20 3 7 38 8 31 6 22] 
[15 3 2 12 1 12 3 18 1 1 12 2 2 13 3 7 2 3 7 2 22 1 8 14 2 3 12 1 5 3 8 16 6 10 7 16 2 8 12 6 6 3 6 17 8 17 7 10 3 6 5 8 12 7 20 3 1 22 2 37 3 30 2 1 12 2 5 1 10 45 1 5 41 1 4 41] 
[12 1 9 13 1 9 15 2 8 18 6 6 3 1 6 3 20 2 13 1 6 6 1 7 11 1 6 6 2 6 17 8 17 1 6 17 2 3 17 1 17 2 6 12 7 17 2 6 6 7 12] 
[19 1 9 12 1 9 12 1 7 11 2 6 5 7 17 1 7 13 3 7 20 6 10 8 15 2 8 18 6 18 2 6 19 8 12 3 8 19 6 19 7 25 3 7 20 8 15 6 10 3 3 13 1 8 2 20 2 6 8 7 18 2 3 19 2 14 3 6 6 7 14 8 19 1 1 14 2 3 20 1 14 1 6 7 2 6 8 8 13 1 8 13] 
[19 2 8 13 7 13 1 2 20 2 3 26 2 12 1 6 14 3 1 30 2 37 3 37 2 6 14 7 7 1 7 7 1 10 15 1 4 31 3 6 14 8 20 7 7 3 3 20 2 7 1 14 1 4 15 1 1 14 2 5 21 4 15 1 9 15 1 4 11 1 4 10 1 4 17 1 10 47] 
[4 2 6 13 7 22 2 6 14 8 28 3 8 22 7 15 6 8 2 8 22 7 15] 
[14 1 9 16 1 9 30 1 9 17 3 3 25 2 25 1 19 3 3 25 2 19 1 12 1 1 35 1 10 12 1 10 12 2 5 20 4 15 1 1 12 2 1 30 3 37 1 10 47 1 10 47 1 10 47] 
[45 3 8 12 7 6 6 17 2 8 18 7 13 2 3 18 2 12 1 5 14 2 7 8 6 16 3 6 11 8 11 7 16 2 3 17 1 22 2 3 12 1 17 1 6 8 1 8 7 2 4 13 5 18 2 1 10 3 21 3 6 13 8 19 7 8 1 9 24 2 6 18 7 12 1 5 17 1 9 22 2 2 10 3 22 1 6 10 1 2 14 2 8 20 7 13 2 7 12 6 18 1 4 16 2 4 12 5 12 1 4 30 1 4 28 2 5 21 4 16 3 8 15 6 21 7 29 1 3 18 2 7 17 6 12 2 8 19 6 13 1 4 39 2 5 19 4 12 2 4 20 5 12 1 5 12 1 3 41 1 5 18 2 4 12 5 7 2 1 22 3 22 2 7 21 6 13 2 8 15 6 22 2 7 10 6 18 1 8 9 1 10 50 1 10 50] 
[4 1 2 21 1 3 14 2 3 19 2 12 3 2 7 1 12 3 21] 
[13 2 3 20 1 14 1 1 22 2 3 10 1 16 2 2 14 1 8 2 1 21 3 15 1 5 39 2 2 21 3 15 3 3 20 1 7 2 14 3 3 17 1 11 2 21 3 3 10 1 16 2 23 2 1 35 2 26 2 5 32 4 32 1 10 40] 
[4 1 5 20 3 1 18 3 25 2 23 1 3 27 3 3 35 2 27 1 15]}

EPTI20
{[4 2 6 13 7 22 2 8 28 6 14 3 8 22 7 15 6 8 3 7 15 6 22 8 22] 
[4 1 1 6 2 2 19 1 7 3 2 12 3 19 1 5 1 1 12] 
[12 1 9 13 1 9 15 2 8 18 6 6 1 2 13 1 7 11 1 8 18 3 7 11 8 18 6 6 3 8 17 6 17 7 12 2 8 17 6 17 1 1 17 1 6 12 2 6 6 8 19] 
[15 2 3 18 2 12 1 2 19 2 2 13 3 7 3 3 7 2 22 1 16 1 8 14 2 3 12 2 18 2 8 16 7 16 3 6 6 8 12 7 19 3 7 10 6 17 8 17 3 7 20 6 5 8 12 2 1 22 3 30 3 3 18 1 12 2 5 1 10 45 1 5 41 1 5 47] 
[6 1 8 18 2 8 21 7 15 1 8 15 3 8 12 7 18 6 12 1 6 20 3 7 38 8 31 6 22] 
[15 3 1 31 3 39 2 20 3 8 14 6 14 7 25 3 8 22 7 14 6 14 3 2 41 1 21 3 32 1 9 12 1 6 13 3 1 9 2 16 3 23 3 2 32 1 21 3 34 2 2 49 3 41 2 6 13 7 19 3 6 13 8 8 7 24 1 7 21 3 8 13 7 22 6 13 1 10 21 1 10 21] 
[45 3 6 17 8 12 7 6 1 6 7 2 1 6 2 12 1 4 9 1 7 8 1 7 16 1 3 17 3 3 12 2 12 1 17 2 7 20 8 13 3 7 12 8 7 6 18 1 4 13 3 1 10 2 16 3 21 3 7 8 8 19 6 13 1 9 24 2 7 12 6 18 1 4 12 1 9 22 3 2 10 3 22 1 17 3 6 10 7 22 8 17 3 1 9 3 20 2 14 2 8 20 6 7 3 8 12 6 18 7 12 1 5 11 2 4 12 5 12 2 4 30 5 39 2 5 37 4 28 1 4 16 2 7 29 6 21 2 1 26 3 18 2 8 12 6 12 1 6 13 2 4 39 5 30 2 4 12 5 19 2 5 12 4 20 2 5 12 4 20 1 1 20 2 4 12 5 18 1 5 7 1 1 22 2 6 13 7 21 1 7 8 1 8 22 2 8 9 7 13 1 10 50 1 10 50] 
[19 1 9 12 1 9 12 2 8 17 7 11 1 7 17 3 8 13 6 19 7 13 2 8 15 7 20 3 6 18 8 18 7 10 1 6 19 1 6 19 2 7 20 6 10 2 2 20 1 8 3 8 13 7 18 6 8 1 1 6 3 8 19 7 14 6 6 3 3 20 2 20 1 14 3 2 20 1 14 3 20 3 6 7 8 21 7 15 3 7 18 8 13 6 8 2 8 13 7 13] 
[12 3 1 8 3 22 2 14 3 3 23 1 31 2 15 2 3 25 1 8 1 4 14 2 5 13 4 8 1 3 14 1 9 13 2 1 40 3 35 2 1 7 2 13 1 9 16 2 3 41 1 50 2 4 15 5 20] 
[19 3 7 13 8 13 6 19 2 2 20 3 20 3 2 12 1 19 3 26 3 6 14 8 19 7 7 2 1 30 2 37 2 6 14 8 20 1 7 7 1 10 15 2 4 31 5 36 2 8 20 7 7 3 3 20 2 7 1 14 1 4 15 1 2 7 1 5 21 1 9 15 1 4 11 2 5 17 4 10 2 4 17 5 12 1 10 47] 
[2 3 1 7 2 23 3 15 1 3 20] 
[13 1 1 14 1 3 15 3 1 16 2 22 3 10 2 3 20 1 8 1 1 21 2 4 31 5 39 1 2 21 1 2 14 2 3 17 2 21 2 3 10 2 23 2 2 26 1 35 1 5 32 1 10 40] 
[8 1 9 13 1 4 12 2 7 8 8 21 1 6 18 2 1 25 3 44 1 3 47 2 3 41 2 47 2 2 31 1 48] 
[14 1 9 16 1 9 30 1 9 17 2 3 25 2 25 1 2 19 3 3 35 1 35 2 28 1 10 12 1 10 12 2 5 20 4 15 1 2 19 3 1 30 2 25 3 37 1 10 47 1 10 47 1 10 47]}

EPTI21
{[12 3 3 22 1 8 2 14 1 2 15 2 3 25 1 8 1 5 7 2 5 13 4 8 2 2 9 1 20 1 9 13 3 2 22 3 35 1 40 3 1 7 2 13 3 17 1 9 16 2 2 30 3 41 2 5 20 4 15] 
[14 1 9 16 1 9 30 1 9 17 2 3 25 2 25 3 1 12 3 25 2 19 2 2 28 3 35 1 10 12 1 10 12 1 5 20 3 1 12 3 25 2 19 2 2 25 1 30 1 10 47 1 10 47 1 10 47] 
[6 2 6 12 7 18 2 8 21 6 21 3 8 15 7 10 6 21 1 7 18 2 8 35 6 20 1 8 31] 
[19 1 9 12 1 9 12 2 8 17 6 5 1 7 17 1 8 13 1 6 10 1 8 18 1 8 12 2 7 25 8 19 2 6 10 7 20 2 3 13 2 20 3 6 8 7 18 8 13 3 1 6 3 19 2 14 3 7 14 6 6 8 19 1 3 20 2 1 14 3 20 3 6 7 7 15 8 21 2 7 18 8 13 2 8 13 7 13] 
[4 1 3 14 3 2 19 1 7 3 14 2 3 19 1 5 3 2 7 3 21 1 12] 
[8 1 9 13 2 4 12 5 18 2 7 8 8 21 2 7 11 6 18 2 2 36 1 25 2 1 30 3 47 1 2 47 2 1 48 2 31] 
[15 2 3 39 2 20 1 8 14 1 7 14 3 3 32 2 41 1 21 1 9 12 3 7 8 8 22 6 13 1 1 9 3 1 21 2 32 3 34 1 2 49 1 8 13 3 8 8 7 24 6 13 3 7 21 6 13 8 13 3 8 13 7 22 6 13 1 10 21 1 10 21] 
[19 2 7 13 8 13 3 2 20 3 20 1 15 1 2 12 1 7 7 3 3 37 1 30 2 37 3 8 20 6 14 7 7 1 6 14 1 10 15 2 4 31 5 36 3 7 7 6 14 8 20 3 3 20 2 7 1 14 2 5 15 4 15 1 2 7 2 5 21 4 15 1 9 15 1 5 16 2 4 10 5 17 1 4 17 1 10 47] 
[15 1 2 12 3 2 19 3 12 1 12 1 1 21 3 3 7 2 22 1 16 3 6 8 8 14 7 21 3 2 18 3 12 1 5 2 8 16 6 10 2 8 12 7 19 2 7 10 6 17 1 7 20 2 3 30 1 22 2 3 18 2 5 1 10 45 2 5 41 4 47 1 4 41] 
[13 2 3 20 1 14 3 1 22 3 15 2 6 1 1 16 1 1 8 1 1 21 2 4 31 5 39 3 1 8 2 21 3 15 3 2 14 1 7 3 20 1 2 21 1 2 23 2 2 26 3 40 2 5 32 4 32 1 10 40] 
[2 3 3 15 2 23 1 7 3 2 14 3 20 1 7] 
[45 2 7 6 8 12 1 6 7 2 1 6 3 18 1 4 9 2 7 8 6 16 3 7 16 8 11 6 11 3 3 17 2 12 1 22 2 2 12 1 17 3 8 13 6 8 7 20 1 7 12 1 5 18 2 2 16 3 21 3 7 8 6 13 8 19 1 9 24 3 6 18 7 12 8 12 2 5 17 4 12 1 9 22 1 2 10 1 7 22 1 2 14 3 7 13 8 20 6 7 3 7 12 6 18 8 12 2 5 11 4 16 2 4 12 5 12 2 5 39 4 30 1 4 28 2 4 16 5 21 1 8 15 2 2 10 1 26 3 8 12 7 17 6 12 3 8 19 6 13 7 9 2 4 39 5 30 1 5 19 1 5 12 1 5 12 1 2 31 1 4 12 1 5 7 3 1 22 3 22 2 15 1 8 21 3 7 8 8 15 6 22 1 6 18 1 6 22 1 10 50 1 10 50] 
[4 3 6 13 7 22 8 8 2 6 14 8 28 2 6 8 7 15 2 6 22 7 15] 
[12 1 9 13 1 9 15 2 6 6 7 11 3 1 6 3 20 2 13 2 8 18 6 6 1 6 6 1 8 18 1 8 17 3 6 17 8 17 7 12 1 2 12 1 7 17 1 7 12]}

EPTI22
{[4 2 2 21 1 6 1 3 14 3 1 5 2 12 3 19 3 2 7 3 21 1 12] 
[15 3 1 31 2 20 3 39 2 6 14 7 25 3 6 14 8 22 7 14 2 1 21 2 41 1 9 12 1 6 13 1 1 9 1 3 34 2 1 30 3 41 2 6 13 7 19 3 7 24 6 13 8 8 1 8 13 1 7 22 1 10 21 1 10 21] 
[19 1 9 12 1 9 12 3 8 17 6 5 7 11 2 6 5 8 12 1 6 19 2 8 15 7 20 3 6 18 8 18 7 10 1 6 19 3 7 25 6 19 8 19 3 7 20 8 15 6 10 2 3 13 1 8 2 7 18 6 8 1 2 14 1 7 14 1 2 20 2 3 20 1 14 2 7 15 8 21 3 6 8 7 18 8 13 1 6 20] 
[6 3 7 18 6 12 8 18 2 7 15 6 21 2 6 21 8 15 2 6 12 8 12 3 6 20 8 35 7 28 3 6 22 7 38 8 31] 
[13 2 3 20 1 14 1 2 6 1 2 22 1 2 14 3 3 15 2 15 1 21 1 5 39 3 3 15 2 21 1 8 2 2 14 3 20 1 1 11 3 2 23 3 10 1 16 2 1 35 3 40 1 5 32 1 10 40] 
[14 1 9 16 1 9 30 1 9 17 2 3 25 2 25 2 2 19 3 25 2 2 28 3 35 1 10 12 1 10 12 1 4 15 3 1 12 3 25 2 19 1 2 25 1 10 47 1 10 47 1 10 47] 
[19 2 8 13 6 19 1 2 20 2 1 19 2 12 2 7 7 8 19 3 1 30 2 37 3 37 2 8 20 6 14 3 6 14 8 20 7 7 1 10 15 2 5 36 4 31 2 8 20 7 7 3 1 14 2 7 3 20 1 5 15 2 1 14 3 20 1 4 15 1 9 15 2 5 16 4 11 1 5 17 2 4 17 5 12 1 10 47] 
[4 2 4 28 5 20 2 2 23 3 25 2 3 27 1 12 2 3 35 2 27] 
[2 1 3 15 2 3 20 2 14] 
[12 1 9 13 1 9 15 3 6 6 7 11 8 18 2 3 20 1 6 1 8 18 1 7 11 2 7 11 6 6 2 7 12 6 17 3 8 17 7 12 6 17 2 2 12 3 17 2 6 12 8 12 2 6 6 8 19]
[8 1 9 13 1 5 18 3 8 21 6 13 7 8 3 7 11 8 18 6 18 3 3 44 2 36 1 25 2 3 47 1 30 3 3 41 2 47 1 31 2 3 42 2 31] 
[15 1 2 12 1 3 12 3 3 7 2 13 1 21 2 3 7 1 16 3 6 8 8 14 7 21 1 3 12 2 8 16 6 10 3 6 6 8 12 7 19 1 6 17 1 8 12 3 1 22 3 30 2 37 1 3 18 1 10 45 1 5 41 2 5 47 4 41] 
[45 1 8 12 3 7 13 6 7 8 18 1 3 18 2 5 14 4 9 3 6 16 8 13 7 8 1 6 11 1 2 12 3 1 17 2 12 3 12 1 7 20 1 8 7 2 5 18 4 13 1 3 21 2 8 19 6 13 1 9 24 3 8 12 6 18 7 12 1 4 12 1 9 22 2 3 22 1 17 1 7 22 2 3 20 1 9 1 7 13 3 8 12 7 12 6 18 2 5 11 4 16 2 5 12 4 12 2 4 30 5 39 2 5 37 4 28 1 4 16 3 7 29 6 21 8 15 3 1 26 3 18 2 10 1 6 12 3 7 9 6 13 8 19 1 5 30 2 5 19 4 12 1 4 20 1 4 20 3 2 31 3 41 1 20 2 4 12 5 18 1 5 7 1 1 22 2 6 13 7 21 3 7 8 8 15 6 22 2 8 22 6 18 3 8 9 6 22 7 13 1 10 50 1 10 50] 
[12 1 3 22 1 2 15 3 2 15 3 25 1 8 1 4 14 1 4 8 3 2 9 1 20 3 14 1 9 13 1 2 22 1 1 7 1 9 16 1 3 41 1 4 15]}

EPTI23
{[2 1 2 23 3 1 7 3 20 2 14] 
[6 1 8 18 2 6 21 8 21 3 7 10 8 15 6 21 1 8 12 3 6 20 7 28 8 35 2 7 38 6 22] 
[15 1 1 12 3 1 12 3 12 2 19 3 1 21 2 13 3 7 3 2 22 3 7 1 16 2 8 14 6 8 3 2 18 3 12 1 5 3 6 10 8 16 7 16 3 8 12 7 19 6 6 1 6 17 1 8 12 2 1 22 2 37 3 3 18 1 12 2 5 1 10 45 1 4 47 2 4 41 5 47] 
[13 3 2 7 1 14 3 20 1 2 6 1 3 10 3 1 8 2 14 3 20 1 1 21 2 4 31 5 39 1 2 21 2 2 14 3 20 1 2 21 2 2 23 3 10 2 1 35 3 40 2 5 32 4 32 1 10 40] 
[45 3 6 17 7 6 8 12 1 7 13 3 2 12 3 18 1 6 2 5 14 4 9 3 6 16 8 13 7 8 3 7 16 8 11 6 11 1 2 12 1 1 17 2 8 13 7 20 3 7 12 6 18 8 7 2 4 13 5 18 3 2 16 3 21 1 10 3 6 13 7 8 8 19 1 9 24 2 7 12 6 18 2 5 17 4 12 1 9 22 3 1 17 3 22 2 10 1 6 10 2 2 14 3 20 1 8 20 1 8 12 1 5 11 1 4 12 1 5 39 1 4 28 1 5 21 3 7 29 6 21 8 15 3 2 10 3 18 1 26 1 7 17 2 7 9 6 13 2 5 30 4 39 1 4 12 2 4 20 5 12 2 4 20 5 12 1 1 20 2 4 12 5 18 1 4 12 3 3 22 2 15 1 22 2 6 13 7 21 1 8 15 2 6 18 7 10 1 6 22 1 10 50 1 10 50] 
[4 2 8 8 6 13 3 6 14 7 21 8 28 1 7 15 3 8 22 6 22 7 15] 
[8 1 9 13 2 4 12 5 18 3 7 8 6 13 8 21 2 7 11 8 18 3 3 44 2 36 1 25 1 3 47 1 1 31 3 1 48 3 42 2 31] 
[12 2 3 22 1 8 2 1 31 3 23 3 3 25 2 15 1 8 2 5 7 4 14 1 4 8 2 1 20 3 14 1 9 13 2 2 22 3 35 1 1 7 1 9 16 1 1 50 1 4 15] 
[19 2 8 13 6 19 2 1 15 2 20 1 2 12 1 6 14 3 3 37 2 37 1 30 3 8 20 7 7 6 14 1 6 14 1 10 15 1 4 31 3 6 14 7 7 8 20 2 3 20 1 14 1 4 15 3 2 7 3 20 1 14 2 5 21 4 15 1 9 15 2 5 16 4 11 1 5 17 2 5 12 4 17 1 10 47] 
[4 1 5 20 1 1 18 1 1 12 1 2 27] 
[12 1 9 13 1 9 15 3 7 11 8 18 6 6 1 2 13 3 8 18 6 6 7 11 2 8 18 7 11 1 6 6 2 7 12 6 17 1 6 17 2 2 12 1 17 2 8 12 7 17 3 6 6 7 12 8 19] 
[19 1 9 12 1 9 12 2 8 17 6 5 2 8 12 7 17 1 6 19 2 6 10 7 20 2 8 18 7 10 3 8 12 7 12 6 19 3 6 19 8 19 7 25 2 8 15 7 20 3 2 20 1 8 3 13 2 7 18 8 13 1 3 19 2 7 14 6 6 1 1 14 3 3 20 1 14 2 20 2 8 21 7 15 2 8 13 6 8 3 6 20 7 13 8 13] 
[4 2 3 14 2 21 1 3 14 1 2 12 2 3 21 1 12] 
[15 1 1 31 2 7 25 8 14 1 8 22 2 1 21 2 41 1 9 12 2 6 13 7 8 2 1 9 3 23 1 1 21 3 1 30 3 41 2 49 2 6 13 8 13 1 8 8 2 7 21 8 13 3 8 13 6 13 7 22 1 10 21 1 10 21]}

EPTI24
{[4 1 7 22 3 8 28 7 21 6 14 3 7 15 8 22 6 8 1 8 22] 
[15 1 2 12 2 1 12 2 19 2 2 13 3 7 1 1 16 1 6 8 1 2 18 1 7 16 3 6 6 7 19 8 12 2 7 10 6 17 1 8 12 2 2 37 3 30 3 3 18 2 5 1 12 1 10 45 2 4 47 5 41 2 4 41 5 47]
[12 3 3 22 2 14 1 8 2 1 31 3 23 3 2 15 3 25 1 8 2 5 7 4 14 2 4 8 5 13 2 3 14 2 9 1 9 13 3 1 40 3 35 2 22 3 1 7 2 13 3 17 1 9 16 1 2 30 1 4 15] 
[2 3 2 23 1 7 3 15 1 3 20] 
[4 1 2 21 3 3 14 2 19 1 7 1 1 5 2 2 7 3 21] 
[19 1 9 12 1 9 12 1 7 11 2 6 5 8 12 3 8 13 7 13 6 19 1 7 20 3 7 10 8 18 6 18 2 8 12 6 19 3 6 19 8 19 7 25 3 6 10 8 15 7 20 3 3 13 1 8 2 20 2 8 13 7 18 1 2 14 2 7 14 6 6 1 2 20 1 2 20 2 8 21 7 15 2 7 18 6 8 1 6 20] 
[4 1 5 20 3 2 23 3 25 1 18 2 2 21 1 12 1 1 15] 
[6 2 7 18 8 18 3 6 21 8 21 7 15 1 8 15 2 8 12 7 18 2 8 35 7 28 3 7 38 6 22 8 31] 
[45 1 7 6 1 7 13 1 2 12 1 5 14 1 6 16 3 6 11 7 16 8 11 3 2 12 3 17 1 22 1 1 17 3 6 8 8 13 7 20 2 6 18 8 7 2 4 13 5 18 2 2 16 1 10 1 6 13 1 9 24 3 8 12 6 18 7 12 2 5 17 4 12 1 9 22 3 3 22 1 17 2 10 3 6 10 7 22 8 17 1 2 14 3 6 7 8 20 7 13 3 7 12 8 12 6 18 1 4 16 1 5 12 1 4 30 2 5 37 4 28 1 4 16 2 6 21 7 29 1 2 10 1 7 17 1 7 9 1 5 30 2 4 12 5 19 1 5 12 2 4 20 5 12 2 1 20 2 31 2 4 12 5 18 2 5 7 4 12 2 3 22 2 15 1 7 21 3 6 22 8 15 7 8 3 6 18 7 10 8 22 1 7 13 1 10 50 1 10 50] 
[15 1 2 20 3 8 14 6 14 7 25 3 6 14 8 22 7 14 1 1 21 1 9 12 3 7 8 8 22 6 13 1 3 23 2 3 34 1 21 1 1 30 2 6 13 7 19 2 8 8 6 13 2 7 21 8 13 3 7 22 8 13 6 13 1 10 21 1 10 21] 
[14 1 9 16 1 9 30 1 9 17 1 3 25 1 3 25 3 1 35 3 35 2 28 1 10 12 1 10 12 2 5 20 4 15 1 2 19 1 2 25 1 10 47 1 10 47 1 10 47] 
[13 2 1 14 3 20 3 1 22 2 6 3 15 2 3 10 2 22 3 1 8 2 14 3 20 3 1 21 3 15 2 15 2 5 39 4 31 1 1 8 2 2 14 3 20 3 2 21 1 11 3 17 1 2 23 2 2 26 1 35 1 4 32 1 10 40] 
[8 1 9 13 1 5 18 3 6 13 8 21 7 8 3 6 18 8 18 7 11 3 1 25 3 44 2 36 2 3 47 1 30 3 1 31 3 41 2 47 2 2 31 1 48] 
[19 2 8 13 6 19 1 1 15 1 1 19 2 8 19 7 7 1 1 30 1 8 20 3 8 20 6 14 7 7 1 10 15 2 4 31 5 36 2 8 20 6 14 3 1 14 3 20 2 7 2 5 15 4 15 1 2 7 1 5 21 1 9 15 1 4 11 2 5 17 4 10 1 5 12 1 10 47] 
[12 1 9 13 1 9 15 3 7 11 8 18 6 6 3 2 13 1 6 3 20 3 8 18 6 6 7 11 3 6 6 8 18 7 11 3 7 11 6 6 8 18 2 6 17 8 17 3 8 17 7 12 6 17 3 2 12 1 17 3 17 3 8 12 7 17 6 12 2 6 6 8 19]}

EPTI25
{[13 3 2 7 1 14 3 20 3 3 15 2 6 1 22 2 1 16 2 22 1 1 8 2 2 15 1 21 1 4 31 3 3 15 1 8 2 21 1 1 7 2 3 17 2 21 3 1 16 3 10 2 23 1 3 40 1 5 32 1 10 40]
[19 1 9 12 1 9 12 2 8 17 7 11 3 6 5 8 12 7 17 1 8 13 2 7 20 8 15 2 8 18 7 10 1 6 19 3 8 19 7 25 6 19 3 8 15 6 10 7 20 2 1 8 3 13 3 7 18 6 8 8 13 3 3 19 2 14 1 6 2 6 6 8 19 2 3 20 1 14 2 3 20 1 14 1 8 21 1 6 8 1 7 13] 
[19 1 8 13 2 2 20 3 20 2 3 26 1 19 1 8 19 3 3 37 1 30 2 37 1 8 20 2 6 14 7 7 1 10 15 1 4 31 1 7 7 3 3 20 2 7 1 14 2 5 15 4 15 1 1 14 1 4 15 1 9 15 1 4 11 2 4 10 5 17 1 4 17 1 10 47] 
[2 3 3 15 2 23 1 7 1 2 14]
[6 1 6 12 1 8 21 3 7 10 8 15 6 21 1 7 18 3 6 20 8 35 7 28 3 7 38 8 31 6 22] 
[12 3 1 8 3 22 2 14 1 2 15 2 2 15 1 8 1 4 14 1 5 13 3 3 14 1 20 2 9 1 9 13 3 1 40 2 22 3 35 1 3 17 1 9 16 1 3 41 1 5 20] 
[4 2 7 22 8 8 3 7 21 6 14 8 28 3 7 15 8 22 6 8 1 7 15] 
[45 2 6 17 7 6 2 7 13 8 18 2 3 18 1 6 1 5 14 3 6 16 8 13 7 8 2 7 16 8 11 3 1 22 3 17 2 12 3 3 12 1 17 2 12 3 6 8 8 13 7 20 3 7 12 8 7 6 18 2 5 18 4 13 1 1 10 1 8 19 1 9 24 3 8 12 7 12 6 18 2 5 17 4 12 1 9 22 1 2 10 2 8 17 6 10 2 1 9 2 14 3 6 7 7 13 8 20 2 8 12 6 18 1 4 16 2 4 12 5 12 1 5 39 2 4 28 5 37 1 5 21 3 6 21 8 15 7 29 3 1 26 3 18 2 10 1 6 12 1 6 13 2 5 30 4 39 1 5 19 2 4 20 5 12 2 5 12 4 20 2 1 20 3 41 1 5 18 2 4 12 5 7 2 1 22 3 22 2 8 21 7 21 2 6 22 7 8 3 8 22 7 10 6 18 3 6 22 7 13 8 9 1 10 50 1 10 50] 
[15 3 3 39 2 20 1 31 1 8 14 2 6 14 8 22 3 3 32 1 21 2 41 1 9 12 2 7 8 6 13 2 3 23 2 16 1 2 32 2 1 30 2 49 2 7 19 8 13 1 7 24 3 6 13 8 13 7 21 2 7 22 8 13 1 10 21 1 10 21]
[12 1 9 13 1 9 15 1 7 11 2 1 6 2 13 2 8 18 6 6 3 6 6 7 11 8 18 1 7 11 1 6 17 2 7 12 6 17 2 3 17 1 17 3 7 17 6 12 8 12 1 7 12]
[4 3 1 6 3 14 2 21 3 2 19 3 14 1 7 3 2 12 1 5 3 19 1 3 21] 
[14 1 9 16 1 9 30 1 9 17 3 3 25 1 19 2 25 3 3 25 2 19 1 12 2 2 28 1 35 1 10 12 1 10 12 1 5 20 3 3 25 1 12 2 19 2 2 25 3 37 1 10 47 1 10 47 1 10 47]
[15 1 1 12 3 1 12 3 12 2 19 1 3 7 1 2 22 3 6 8 8 14 7 21 2 1 5 3 12 2 7 16 6 10 3 6 6 7 19 8 12 1 6 17 1 8 12 1 3 30 2 2 5 3 18 1 10 45 1 4 47 2 5 47 4 41]
[8 1 9 13 2 4 12 5 18 2 6 13 8 21 1 7 11 2 3 44 2 36 3 2 41 1 30 3 47 3 1 31 3 41 2 47 2 1 48 3 42] 
[4 2 4 28 5 20 1 3 25 1 3 27 3 2 27 1 15 3 35]}
